6 0.62109375 0.1796875 0.1765625 0.13984375
6 0.3296875 0.2328125 0.17421875 0.12421875
6 0.56484375 0.340625 0.196875 0.15234375
5 0.26640625 0.41484375 0.19921875 0.14609375
5 0.503125 0.51015625 0.18125 0.1375
3 0.41875 0.6328125 0.1703125 0.121875
3 0.296875 0.5375 0.1328125 0.10859375
2 0.22109375 0.66875 0.16875 0.1078125
2 0.384375 0.76171875 0.1859375 0.10703125
2 0.31171875 0.83359375 0.1375 0.11640625
2 0.13125 0.8265625 0.096875 0.08125
2 0.21484375 0.9234375 0.13203125 0.09609375
1 0.115625 0.93671875 0.12734375 0.096875