6 0.62890625 0.24609375 0.17890625 0.15546875
6 0.61484375 0.38125 0.171875 0.146875
5 0.63671875 0.4796875 0.175 0.1265625
6 0.38984375 0.26796875 0.09296875 0.0890625
6 0.4625 0.321875 0.09921875 0.0921875
4 0.4921875 0.559375 0.084375 0.0859375
2 0.5421875 0.60390625 0.08671875 0.0671875
1 0.56171875 0.68046875 0.0890625 0.1
4 0.6953125 0.65703125 0.14453125 0.09609375
3 0.684375 0.76484375 0.153125 0.1
3 0.61640625 0.84453125 0.15625 0.1109375
1 0.540625 0.7859375 0.1125 0.0953125
5 0.6796875 0.57265625 0.15546875 0.13203125