6 0.3328125 0.596875 0.25703125 0.37734375
6 0.5109375 0.53125 0.24609375 0.36953125
5 0.16484375 0.20078125 0.234375 0.36171875
5 0.05859375 0.30703125 0.1171875 0.29140625
4 0.3609375 0.3984375 0.215625 0.2765625
4 0.2140625 0.715625 0.215625 0.33359375
4 0.5453125 0.3484375 0.2234375 0.28203125
3 0.71796875 0.4859375 0.23046875 0.353125
3 0.44296875 0.8546875 0.2734375 0.28359375
2 0.7609375 0.3875 0.21796875 0.32890625
2 0.5734375 0.3203125 0.2203125 0.296875
2 0.5109375 0.70234375 0.1890625 0.234375