6 0.153125 0.3453125 0.21171875 0.221875
6 0.3421875 0.43359375 0.2078125 0.20546875
6 0.4984375 0.55 0.19921875 0.20078125
6 0.61796875 0.690625 0.196875 0.196875
5 0.68671875 0.84296875 0.178125 0.1890625
6 0.25390625 0.2234375 0.18203125 0.17578125
6 0.41796875 0.26171875 0.18203125 0.1796875
6 0.56953125 0.39453125 0.196875 0.1984375
6 0.69140625 0.525 0.18203125 0.19375
6 0.76796875 0.678125 0.184375 0.16875
3 0.81171875 0.84453125 0.19375 0.18359375
6 0.94921875 0.61484375 0.10078125 0.17734375