6 0.2421875 0.240625 0.0703125 0.0953125
6 0.32734375 0.32734375 0.10078125 0.12890625
6 0.5859375 0.1921875 0.0953125 0.12890625
6 0.553125 0.12890625 0.09609375 0.1125
6 0.49140625 0.490625 0.12265625 0.1546875
6 0.34140625 0.6703125 0.09765625 0.1296875
6 0.30625 0.69375 0.07890625 0.103125
6 0.39921875 0.58515625 0.11640625 0.17109375
5 0.25078125 0.3484375 0.07890625 0.1
2 0.31015625 0.24609375 0.09375 0.1109375
2 0.45859375 0.2390625 0.07890625 0.090625
6 0.44296875 0.22578125 0.06953125 0.09140625
2 0.65078125 0.1578125 0.07421875 0.09140625
2 0.61796875 0.68359375 0.0765625 0.0859375
2 0.55 0.74375 0.07578125 0.096875
2 0.49453125 0.67890625 0.07109375 0.08671875