6 0.36171875 0.28515625 0.1625 0.11875
6 0.578125 0.32109375 0.1640625 0.0953125
6 0.5375 0.41328125 0.15234375 0.08671875
6 0.3328125 0.40390625 0.15703125 0.1140625
6 0.3625 0.4953125 0.15 0.103125
6 0.521875 0.496875 0.13671875 0.0875
6 0.53125 0.5921875 0.11796875 0.0734375
5 0.33984375 0.60546875 0.1375 0.1
5 0.35859375 0.69375 0.13671875 0.08984375
3 0.496875 0.68671875 0.140625 0.0828125
3 0.3578125 0.76875 0.1328125 0.08515625
2 0.47421875 0.77109375 0.1265625 0.071875
2 0.30703125 0.83203125 0.13359375 0.08359375
2 0.4265625 0.846875 0.12734375 0.075
2 0.40625 0.9078125 0.10859375 0.06328125
2 0.26953125 0.9671875 0.1015625 0.05859375
2 0.31015625 0.93984375 0.09140625 0.0640625