6 0.7140625 0.13828125 0.3046875 0.1953125
6 0.28828125 0.84140625 0.26484375 0.1796875
6 0.18359375 0.77421875 0.21015625 0.13515625
6 0.4171875 0.7546875 0.21796875 0.1625
6 0.26953125 0.9546875 0.275 0.08984375
6 0.521875 0.88359375 0.26171875 0.153125
5 0.6421875 0.846875 0.21640625 0.14921875
5 0.49375 0.18046875 0.21015625 0.134375
5 0.47578125 0.33359375 0.26796875 0.1875
6 0.446875 0.51484375 0.2234375 0.196875
4 0.79453125 0.41328125 0.2234375 0.165625
4 0.571875 0.5 0.27578125 0.1828125
2 0.7421875 0.6015625 0.1515625 0.09921875
2 0.6640625 0.69921875 0.1734375 0.10625
2 0.4609375 0.9328125 0.19453125 0.121875
2 0.0828125 0.8765625 0.165625 0.140625