6 0.36484375 0.19609375 0.1515625 0.18359375
6 0.51796875 0.27734375 0.1875 0.2109375
5 0.7703125 0.2890625 0.21640625 0.19140625
5 0.28125 0.31875 0.178125 0.1609375
4 0.54453125 0.4375 0.2109375 0.12109375
4 0.8046875 0.4796875 0.1703125 0.146875
4 0.25390625 0.18828125 0.17421875 0.15078125
4 0.1765625 0.321875 0.1890625 0.1765625
3 0.221875 0.45859375 0.21484375 0.1734375
3 0.56953125 0.59921875 0.18515625 0.13671875
2 0.84140625 0.6234375 0.17265625 0.1765625
2 0.828125 0.7640625 0.14921875 0.16171875
2 0.7015625 0.83203125 0.165625 0.15859375
2 0.58203125 0.7421875 0.1734375 0.17578125
2 0.15703125 0.59296875 0.16484375 0.14609375
2 0.2421875 0.76953125 0.1265625 0.115625