6 0.79375 0.43125 0.23046875 0.1390625
6 0.50078125 0.490625 0.2203125 0.1578125
6 0.34765625 0.22734375 0.2109375 0.14375
5 0.47109375 0.1078125 0.16484375 0.0875
5 0.2046875 0.31484375 0.146875 0.13984375
5 0.3109375 0.3734375 0.196875 0.1765625
5 0.73359375 0.6234375 0.22890625 0.16875
4 0.20078125 0.5 0.19609375 0.1421875
4 0.446875 0.66875 0.209375 0.1359375
3 0.69140625 0.809375 0.20546875 0.14296875
2 0.13046875 0.4359375 0.15625 0.1359375
2 0.16953125 0.578125 0.209375 0.134375
2 0.4296875 0.7796875 0.1859375 0.1390625
1 0.51171875 0.8109375 0.14296875 0.15546875
1 0.6390625 0.88125 0.1828125 0.13046875