6 0.57734375 0.3015625 0.05078125 0.03515625
6 0.33515625 0.40625 0.05625 0.0421875
6 0.3875 0.44375 0.06875 0.046875
6 0.33984375 0.446875 0.05625 0.04140625
6 0.3953125 0.4921875 0.05546875 0.040625
6 0.453125 0.49296875 0.0578125 0.0390625
6 0.4875 0.50546875 0.05703125 0.03515625
6 0.52578125 0.528125 0.05390625 0.03515625
6 0.5859375 0.50703125 0.0546875 0.03671875
6 0.58359375 0.546875 0.0578125 0.0390625
6 0.53359375 0.56015625 0.05078125 0.0375
6 0.6734375 0.65234375 0.06171875 0.04609375
6 0.69140625 0.6890625 0.05546875 0.0375
6 0.60625 0.7296875 0.065625 0.04375
6 0.66015625 0.746875 0.05546875 0.0421875
5 0.44609375 0.58046875 0.0640625 0.04140625
5 0.48515625 0.546875 0.05078125 0.03515625
2 0.65 0.69375 0.0375 0.02421875
2 0.68515625 0.70625 0.04921875 0.03203125
2 0.53671875 0.5890625 0.0578125 0.03671875
2 0.56484375 0.5703125 0.028125 0.015625
2 0.565625 0.590625 0.034375 0.025
2 0.678125 0.778125 0.05 0.02734375
2 0.709375 0.75390625 0.04453125 0.0328125