4 0.4359375 0.07421875 0.24609375 0.1484375
5 0.715625 0.178125 0.215625 0.16640625
5 0.590625 0.28828125 0.240625 0.178125
2 0.71640625 0.7921875 0.1578125 0.13671875
2 0.70546875 0.71328125 0.1703125 0.1015625
2 0.60078125 0.78046875 0.146875 0.1328125
2 0.57578125 0.84375 0.12890625 0.11953125
1 0.453125 0.7375 0.15859375 0.13828125
2 0.478125 0.61953125 0.20625 0.1671875
2 0.54140625 0.50625 0.20234375 0.1453125
2 0.4859375 0.39296875 0.12421875 0.11328125
2 0.3796875 0.49609375 0.159375 0.16953125
1 0.43046875 0.3546875 0.109375 0.10546875