6 0.54921875 0.784375 0.08984375 0.134375
6 0.5109375 0.625 0.0734375 0.15390625
6 0.459375 0.77421875 0.10625 0.17421875
5 0.44140625 0.64296875 0.084375 0.1421875
4 0.64453125 0.7015625 0.08984375 0.140625
4 0.59765625 0.590625 0.08828125 0.1453125
4 0.1859375 0.7296875 0.0734375 0.16796875
2 0.3875 0.709375 0.0796875 0.13515625
3 0.39453125 0.59453125 0.0921875 0.1375
3 0.1296875 0.87265625 0.1078125 0.18203125
3 0.1140625 0.7 0.115625 0.1921875
2 0.06875 0.80625 0.10703125 0.16875
2 0.24140625 0.8796875 0.090625 0.15234375
2 0.2953125 0.90234375 0.0921875 0.1421875
2 0.1859375 0.9484375 0.1203125 0.10234375
2 0.40546875 0.86484375 0.09765625 0.15859375
2 0.58671875 0.85859375 0.08671875 0.1109375
2 0.4453125 0.940625 0.071875 0.10703125