6 0.1625 0.1984375 0.21484375 0.25390625
6 0.36875 0.10390625 0.18515625 0.20234375
6 0.54296875 0.2234375 0.2578125 0.3140625
6 0.84921875 0.121875 0.2125 0.2265625
6 0.7046875 0.3265625 0.20703125 0.3359375
6 0.84296875 0.471875 0.1921875 0.29140625
5 0.68125 0.6 0.19609375 0.24765625
6 0.51171875 0.51875 0.21015625 0.3234375
5 0.2734375 0.4921875 0.21796875 0.3234375
6 0.09375 0.58125 0.1875 0.34140625
6 0.5578125 0.7984375 0.23671875 0.3203125
2 0.85625 0.8484375 0.1921875 0.303125
3 0.63828125 0.834375 0.1328125 0.2484375
3 0.4453125 0.8734375 0.1453125 0.2390625
1 0.23203125 0.884375 0.2375 0.23125