6 0.32734375 0.04453125 0.1484375 0.08828125
6 0.475 0.05625 0.16875 0.1125
6 0.60390625 0.09609375 0.17421875 0.1328125
6 0.2890625 0.17265625 0.16015625 0.12578125
6 0.4875 0.1921875 0.19453125 0.14140625
6 0.6 0.234375 0.14921875 0.11796875
6 0.60078125 0.33984375 0.159375 0.13203125
6 0.47890625 0.32890625 0.17109375 0.11953125
6 0.2953125 0.27421875 0.1640625 0.12109375
6 0.30546875 0.36796875 0.159375 0.10546875
6 0.09375 0.58984375 0.07734375 0.0671875
6 0.08828125 0.6578125 0.1046875 0.05625
6 0.10078125 0.7140625 0.09921875 0.040625
6 0.3 0.77578125 0.1 0.05234375
5 0.134375 0.7625 0.109375 0.05625
5 0.56328125 0.46953125 0.14296875 0.1234375
5 0.45625 0.48359375 0.1640625 0.15078125
3 0.27421875 0.45390625 0.17890625 0.11015625
3 0.26015625 0.56328125 0.1640625 0.15859375
3 0.52734375 0.58671875 0.153125 0.0953125
3 0.50546875 0.6546875 0.21796875 0.121875
3 0.59375 0.7546875 0.1984375 0.12578125
3 0.4875 0.82890625 0.17265625 0.16640625
3 0.45703125 0.9171875 0.1734375 0.16171875
5 0.6828125 0.96484375 0.115625 0.0703125
5 0.08359375 0.92890625 0.040625 0.02890625
5 0.08515625 0.90703125 0.0375 0.0296875
2 0.34296875 0.5921875 0.12890625 0.115625