6 0.24609375 0.13046875 0.13515625 0.184375
6 0.32578125 0.18203125 0.1515625 0.2015625
6 0.3875 0.1828125 0.13828125 0.178125
6 0.47421875 0.17890625 0.1234375 0.20625
6 0.52734375 0.21484375 0.0921875 0.2
5 0.8046875 0.27890625 0.125 0.1890625
5 0.70625 0.29453125 0.11875 0.18203125
5 0.609375 0.22109375 0.09609375 0.21640625
5 0.71484375 0.16328125 0.07265625 0.125
5 0.6265625 0.1390625 0.0875 0.1484375
4 0.80078125 0.1359375 0.0859375 0.1578125
2 0.875 0.2171875 0.115625 0.15390625
2 0.86171875 0.08984375 0.096875 0.12734375
2 0.94453125 0.09140625 0.1015625 0.1046875
1 0.93046875 0.184375 0.10234375 0.1484375