6 0.39609375 0.15703125 0.11015625 0.12421875
6 0.625 0.259375 0.11640625 0.1265625
6 0.72890625 0.3140625 0.1421875 0.190625
6 0.60625 0.54609375 0.15 0.1140625
6 0.54765625 0.4421875 0.12109375 0.1484375
6 0.4421875 0.4328125 0.11875 0.178125
6 0.2203125 0.4203125 0.134375 0.21875
6 0.2609375 0.6125 0.15625 0.24765625
6 0.6296875 0.70703125 0.14375 0.19375
5 0.29296875 0.24453125 0.115625 0.1390625
5 0.421875 0.28828125 0.125 0.1515625
5 0.5265625 0.3078125 0.1421875 0.13828125
5 0.70546875 0.48984375 0.15078125 0.21328125
5 0.47109375 0.5484375 0.1234375 0.15
5 0.32265625 0.4890625 0.15390625 0.19296875
5 0.37421875 0.6796875 0.13046875 0.2828125
5 0.4984375 0.690625 0.13125 0.259375
4 0.5265625 0.18515625 0.14921875 0.16875
4 0.32890625 0.35078125 0.14921875 0.20703125
5 0.62890625 0.38203125 0.11875 0.1796875