6 0.2671875 0.128125 0.17265625 0.25546875
6 0.44609375 0.0890625 0.0984375 0.15625
6 0.56328125 0.11640625 0.14296875 0.19609375
6 0.38984375 0.22109375 0.1453125 0.1890625
6 0.5234375 0.228125 0.14375 0.1640625
1 0.82421875 0.25859375 0.225 0.409375
1 0.66484375 0.215625 0.16328125 0.28828125
1 0.7453125 0.48203125 0.23046875 0.296875
4 0.13515625 0.58671875 0.21953125 0.4203125
3 0.24453125 0.81328125 0.26328125 0.3578125
3 0.18203125 0.28984375 0.18671875 0.303125
6 0.325 0.371875 0.16875 0.21640625
3 0.46953125 0.41171875 0.178125 0.28671875
3 0.34375 0.578125 0.21875 0.28671875
5 0.5390625 0.63203125 0.23203125 0.3609375
5 0.44375 0.9015625 0.146875 0.196875
5 0.60078125 0.86015625 0.23125 0.27890625
4 0.928125 0.64140625 0.14375 0.34140625
4 0.7828125 0.6734375 0.1515625 0.20859375
4 0.78671875 0.86015625 0.23046875 0.259375