5 0.853125 0.39921875 0.29296875 0.2046875
5 0.39921875 0.56875 0.390625 0.1984375
5 0.66328125 0.22109375 0.36015625 0.15859375
5 0.1890625 0.375 0.31328125 0.153125
5 0.15859375 0.809375 0.30078125 0.1578125
2 0.4078125 0.8046875 0.37109375 0.1640625
2 0.32578125 0.91640625 0.36796875 0.1578125
2 0.2453125 0.9453125 0.325 0.109375
2 0.76875 0.85078125 0.390625 0.16171875
2 0.77734375 0.734375 0.33359375 0.196875
4 0.73671875 0.40234375 0.403125 0.2203125
4 0.1078125 0.51328125 0.215625 0.1640625
2 0.22734375 0.59296875 0.31171875 0.21796875