6 0.3921875 0.14921875 0.25859375 0.29296875
5 0.1125 0.215625 0.225 0.24140625
5 0.52265625 0.63515625 0.24453125 0.2890625
5 0.3296875 0.46796875 0.31796875 0.328125
5 0.03984375 0.53203125 0.0796875 0.22421875
5 0.1234375 0.70078125 0.246875 0.2890625
5 0.35 0.84453125 0.27109375 0.3109375
5 0.56484375 0.87421875 0.24921875 0.2515625
5 0.64609375 0.9703125 0.234375 0.059375
5 0.7046875 0.65078125 0.18203125 0.23046875
4 0.7828125 0.834375 0.2203125 0.24765625
4 0.528125 0.365625 0.22265625 0.24140625
4 0.55 0.134375 0.2046875 0.23984375
4 0.734375 0.2609375 0.2359375 0.24609375
4 0.77734375 0.43671875 0.190625 0.18125
4 0.9171875 0.4359375 0.165625 0.1734375
4 0.8875 0.6296875 0.19609375 0.21328125
4 0.915625 0.25234375 0.16796875 0.18046875
2 0.9265625 0.0765625 0.146875 0.153125
2 0.8875 0.19140625 0.0890625 0.09375