3 0.14609375 0.36953125 0.2625 0.29140625
5 0.3359375 0.184375 0.309375 0.34765625
5 0.63359375 0.18125 0.275 0.3625
2 0.81875 0.43125 0.2859375 0.3984375
2 0.9515625 0.16953125 0.096875 0.30546875
2 0.9734375 0.51953125 0.053125 0.3140625
2 0.73984375 0.740625 0.278125 0.3125
2 0.74296875 0.9390625 0.24375 0.12109375
6 0.4046875 0.434375 0.29375 0.28671875
2 0.4109375 0.76953125 0.25078125 0.36640625
2 0.44375 0.9703125 0.25625 0.059375
2 0.06796875 0.73125 0.1359375 0.40703125
2 0.14375 0.715625 0.16640625 0.30625
2 0.065625 0.54609375 0.13125 0.1453125