2 0.66328125 0.04921875 0.140625 0.0890625
2 0.5125 0.03203125 0.1515625 0.06328125
2 0.4578125 0.234375 0.17265625 0.2234375
2 0.5640625 0.16640625 0.13046875 0.19921875
2 0.3671875 0.44453125 0.13125 0.228125
5 0.4796875 0.47421875 0.18046875 0.28984375
5 0.5546875 0.60546875 0.11953125 0.1859375
4 0.38671875 0.71953125 0.19921875 0.2796875
4 0.5046875 0.78828125 0.14609375 0.2390625
2 0.28828125 0.9078125 0.1921875 0.18359375
2 0.32578125 0.78984375 0.1015625 0.1328125
1 0.43203125 0.925 0.140625 0.140625