6 0.32890625 0.103125 0.11484375 0.14375
6 0.3125 0.2109375 0.07578125 0.084375
6 0.253125 0.27890625 0.1125 0.11171875
6 0.696875 0.0234375 0.0390625 0.046875
6 0.71484375 0.090625 0.046875 0.05703125
6 0.85625 0.046875 0.03515625 0.04921875
6 0.659375 0.5890625 0.37578125 0.4640625
6 0.32578125 0.57109375 0.33203125 0.38125
6 0.58984375 0.90390625 0.26171875 0.1921875
5 0.36171875 0.7203125 0.24921875 0.22265625
4 0.38515625 0.81484375 0.171875 0.15703125
2 0.34453125 0.88984375 0.17421875 0.1828125