1 0.4796875 0.40546875 0.0515625 0.046875
1 0.39609375 0.38515625 0.03203125 0.0296875
1 0.36171875 0.3875 0.0265625 0.0234375
1 0.35234375 0.425 0.04921875 0.04921875
1 0.3875 0.3515625 0.03515625 0.03046875
1 0.4515625 0.3359375 0.03515625 0.0359375
1 0.52734375 0.3109375 0.05 0.04140625
1 0.5984375 0.325 0.053125 0.0421875
1 0.5859375 0.36171875 0.046875 0.0515625
1 0.54921875 0.38125 0.04609375 0.04296875
1 0.6078125 0.296875 0.046875 0.0453125
1 0.55546875 0.2078125 0.04609375 0.0484375
1 0.5234375 0.46875 0.034375 0.03671875
1 0.359375 0.32734375 0.0453125 0.0375
1 0.47109375 0.3640625 0.034375 0.03671875
1 0.3046875 0.43203125 0.0375 0.02734375