6 0.56484375 0.73984375 0.25234375 0.35546875
6 0.61484375 0.46953125 0.16953125 0.26484375
6 0.43046875 0.3125 0.140625 0.21171875
6 0.73125 0.07578125 0.1625 0.1515625
6 0.7890625 0.24921875 0.18203125 0.25234375
6 0.61953125 0.2828125 0.16171875 0.246875
6 0.71328125 0.5078125 0.1875 0.32421875
6 0.4078125 0.5734375 0.1609375 0.221875
6 0.3140625 0.7046875 0.13046875 0.20546875
6 0.2921875 0.5515625 0.140625 0.196875
6 0.140625 0.69140625 0.13984375 0.2015625
6 0.13203125 0.47109375 0.12578125 0.178125
5 0.38046875 0.4171875 0.12109375 0.15234375
5 0.21015625 0.846875 0.271875 0.30625
4 0.053125 0.55859375 0.10625 0.209375
6 0.1125 0.1140625 0.1078125 0.16796875
6 0.028125 0.0734375 0.05625 0.146875