6 0.2515625 0.05859375 0.1609375 0.1125
6 0.63671875 0.08828125 0.2015625 0.1765625
6 0.74609375 0.1640625 0.10546875 0.1171875
6 0.68203125 0.2828125 0.20546875 0.24375
6 0.40625 0.1765625 0.2 0.16171875
5 0.2921875 0.2359375 0.1515625 0.19921875
6 0.39453125 0.2828125 0.1328125 0.12890625
5 0.4046875 0.39609375 0.1796875 0.2453125
3 0.27265625 0.446875 0.175 0.20703125
2 0.20859375 0.540625 0.1765625 0.21796875
2 0.253125 0.70234375 0.13125 0.20703125
1 0.29453125 0.85 0.128125 0.15390625
1 0.3984375 0.80546875 0.146875 0.14453125
6 0.42578125 0.73984375 0.16328125 0.1609375
5 0.490625 0.6171875 0.20234375 0.221875
5 0.63671875 0.55 0.20234375 0.21953125
6 0.72890625 0.61328125 0.14296875 0.25
6 0.60390625 0.7578125 0.1765625 0.2234375
5 0.3859375 0.08515625 0.2046875 0.165625