6 0.3015625 0.2015625 0.1875 0.21171875
6 0.275 0.40546875 0.1890625 0.22421875
6 0.55390625 0.49765625 0.184375 0.2390625
6 0.47421875 0.34765625 0.15859375 0.159375
5 0.64140625 0.09375 0.18046875 0.1875
5 0.5203125 0.2453125 0.1984375 0.290625
5 0.4359375 0.47578125 0.14609375 0.2203125
4 0.6625 0.2765625 0.1671875 0.31953125
4 0.28359375 0.57109375 0.16796875 0.2078125
2 0.328125 0.80859375 0.13828125 0.17890625
2 0.4234375 0.80546875 0.1171875 0.17109375
2 0.4078125 0.94140625 0.1421875 0.1171875
2 0.61640625 0.73203125 0.146875 0.184375
2 0.63515625 0.859375 0.1625 0.1921875
2 0.76875 0.76953125 0.14453125 0.16484375
2 0.8359375 0.87421875 0.09453125 0.1125
2 0.71953125 0.6109375 0.13984375 0.190625
1 0.4375 0.64375 0.1421875 0.16640625
1 0.91015625 0.88125 0.08359375 0.09921875
1 0.98671875 0.7671875 0.0265625 0.078125
1 0.93125 0.85234375 0.07421875 0.06796875