6 0.29921875 0.36640625 0.19453125 0.30390625
6 0.43671875 0.16953125 0.15234375 0.315625
6 0.396875 0.34453125 0.12109375 0.3
6 0.50859375 0.51171875 0.17578125 0.309375
6 0.584375 0.6296875 0.13125 0.290625
6 0.584375 0.846875 0.10390625 0.2390625
6 0.49609375 0.78671875 0.11796875 0.2484375
6 0.91328125 0.43125 0.10625 0.19140625
6 0.9671875 0.459375 0.0609375 0.1765625
6 0.98046875 0.68671875 0.0390625 0.2125
6 0.965625 0.3328125 0.06875 0.13125
5 0.390625 0.8609375 0.0625 0.159375
2 0.328125 0.4921875 0.1203125 0.1890625