6 0.43828125 0.578125 0.0953125 0.18359375
6 0.39921875 0.421875 0.09140625 0.17578125
6 0.38203125 0.23984375 0.10078125 0.18125
6 0.3390625 0.0765625 0.1109375 0.15234375
6 0.20078125 0.44375 0.10703125 0.2078125
6 0.27890625 0.5625 0.096875 0.178125
6 0.3546875 0.63203125 0.0953125 0.2125
6 0.28203125 0.753125 0.11484375 0.2171875
6 0.325 0.9203125 0.11796875 0.15859375
6 0.209375 0.89609375 0.125 0.2078125
6 0.1640625 0.684375 0.11484375 0.22890625
6 0.06640625 0.95234375 0.11015625 0.0953125
6 0.084375 0.790625 0.115625 0.209375
2 0.05078125 0.47265625 0.0734375 0.12265625
2 0.14921875 0.08125 0.0671875 0.12734375
2 0.4109375 0.06484375 0.06171875 0.1046875
2 0.15078125 0.084375 0.06171875 0.11796875
2 0.46328125 0.028125 0.03828125 0.05625
2 0.02734375 0.05234375 0.05390625 0.1046875