6 0.33046875 0.28671875 0.21796875 0.1734375
6 0.72421875 0.16875 0.19453125 0.1453125
6 0.73515625 0.35078125 0.2390625 0.15078125
6 0.38203125 0.45703125 0.21875 0.15703125
5 0.37734375 0.60859375 0.221875 0.1375
6 0.7265625 0.50078125 0.209375 0.15703125
5 0.7265625 0.6546875 0.20234375 0.15078125
5 0.43828125 0.76328125 0.2046875 0.171875
5 0.66484375 0.78203125 0.18359375 0.14609375
2 0.35703125 0.91171875 0.18984375 0.1453125
2 0.7109375 0.91484375 0.22265625 0.1625
2 0.53515625 0.9203125 0.18671875 0.15234375