6 0.6578125 0.57734375 0.10390625 0.075
6 0.34453125 0.40078125 0.08671875 0.06484375
6 0.59140625 0.50703125 0.090625 0.07109375
6 0.53828125 0.6625 0.0890625 0.06640625
5 0.5671875 0.596875 0.0859375 0.0578125
5 0.38203125 0.42890625 0.096875 0.06640625
4 0.309375 0.4625 0.0875 0.0625
3 0.35234375 0.4875 0.07578125 0.05234375
2 0.30625 0.34453125 0.084375 0.059375
2 0.29453125 0.3859375 0.0515625 0.04140625
2 0.43203125 0.52265625 0.0703125 0.0609375
2 0.49140625 0.52265625 0.08828125 0.059375