4 0.2484375 0.1296875 0.1140625 0.17578125
4 0.4453125 0.45234375 0.09765625 0.15234375
4 0.6296875 0.421875 0.10625 0.15703125
3 0.2546875 0.278125 0.1046875 0.15390625
3 0.32265625 0.221875 0.09921875 0.1453125
3 0.3359375 0.36640625 0.0953125 0.159375
3 0.2546875 0.42578125 0.115625 0.15625
3 0.26953125 0.56953125 0.103125 0.15546875
3 0.334375 0.509375 0.08515625 0.1359375
3 0.3609375 0.60078125 0.0859375 0.146875
3 0.290625 0.63515625 0.090625 0.1359375
3 0.44296875 0.603125 0.09921875 0.14921875
3 0.55390625 0.61015625 0.08828125 0.153125
3 0.43671875 0.73359375 0.1046875 0.14296875
3 0.4390625 0.86484375 0.09140625 0.14375
3 0.57421875 0.74453125 0.090625 0.15
3 0.6421875 0.72109375 0.09765625 0.15390625
3 0.5265625 0.8953125 0.06796875 0.13046875
3 0.6421875 0.87734375 0.078125 0.14375
3 0.69453125 0.8125 0.06640625 0.1234375
3 0.825 0.228125 0.1171875 0.18515625
3 0.884375 0.34921875 0.125 0.19765625
3 0.80546875 0.08671875 0.1390625 0.1734375
3 0.97265625 0.33828125 0.0546875 0.17890625
3 0.96484375 0.5890625 0.0703125 0.175
3 0.9609375 0.08203125 0.078125 0.13046875