5 0.3390625 0.34765625 0.140625 0.08046875
4 0.22109375 0.39140625 0.13671875 0.078125
5 0.64765625 0.4109375 0.1359375 0.0765625
6 0.72578125 0.3609375 0.21171875 0.121875
4 0.93828125 0.5359375 0.1234375 0.1046875
4 0.55625 0.63828125 0.1859375 0.103125
4 0.54453125 0.54140625 0.18046875 0.10078125
5 0.2734375 0.4984375 0.19296875 0.103125
5 0.40703125 0.4984375 0.13359375 0.08359375
2 0.3859375 0.6125 0.16796875 0.1
1 0.27890625 0.6796875 0.13203125 0.078125
1 0.1765625 0.70390625 0.09296875 0.059375
2 0.07890625 0.68203125 0.125 0.07734375
2 0.09140625 0.7734375 0.13203125 0.08515625
1 0.05859375 0.846875 0.1171875 0.071875
1 0.759375 0.79453125 0.08671875 0.04609375
1 0.834375 0.85 0.08046875 0.04609375
2 0.94140625 0.8421875 0.11640625 0.08359375
1 0.4265625 0.7390625 0.09140625 0.0484375
1 0.2890625 0.73203125 0.0859375 0.0453125
1 0.43828125 0.6890625 0.1109375 0.05390625
1 0.721875 0.70390625 0.08359375 0.059375
2 0.76015625 0.63046875 0.1640625 0.10546875
6 0.05078125 0.2796875 0.1015625 0.11640625