6 0.79921875 0.20078125 0.17734375 0.12578125
6 0.1921875 0.0359375 0.203125 0.071875
6 0.7125 0.728125 0.196875 0.13203125
6 0.7671875 0.84765625 0.17265625 0.12265625
6 0.71328125 0.5109375 0.20546875 0.1390625
2 0.72421875 0.34453125 0.16796875 0.11953125
2 0.66953125 0.22734375 0.14453125 0.11484375
2 0.39296875 0.25234375 0.190625 0.1046875
2 0.46484375 0.35078125 0.16875 0.12109375
2 0.6203125 0.415625 0.2 0.115625
2 0.63203125 0.62109375 0.15546875 0.10625
2 0.59609375 0.85859375 0.1515625 0.09765625
2 0.78046875 0.94921875 0.14609375 0.084375
4 0.425 0.05234375 0.1421875 0.078125
4 0.43984375 0.22109375 0.171875 0.11015625
5 0.3296875 0.14609375 0.1578125 0.12265625