6 0.7890625 0.28203125 0.046875 0.03125
6 0.81796875 0.26640625 0.04140625 0.028125
6 0.55234375 0.29921875 0.075 0.05078125
6 0.478125 0.3203125 0.0765625 0.05703125
6 0.46640625 0.39296875 0.08828125 0.05390625
6 0.48359375 0.4421875 0.0734375 0.05
6 0.5640625 0.37421875 0.08203125 0.05234375
6 0.55625 0.43046875 0.08671875 0.053125
6 0.5546875 0.48359375 0.09453125 0.0546875
6 0.5453125 0.53125 0.0875 0.05234375
6 0.47734375 0.5046875 0.08828125 0.04765625
6 0.46484375 0.54609375 0.0828125 0.046875
2 0.43359375 0.23046875 0.03203125 0.0234375
2 0.56796875 0.19375 0.0390625 0.0234375
2 0.56640625 0.2609375 0.046875 0.0296875
2 0.6125 0.2890625 0.04765625 0.03046875
2 0.8953125 0.34375 0.0421875 0.0265625
2 0.86171875 0.32265625 0.03671875 0.02265625
2 0.915625 0.31171875 0.0421875 0.028125
2 0.95703125 0.3265625 0.0421875 0.0265625
2 0.9375 0.3421875 0.03828125 0.025
2 0.9359375 0.25390625 0.04453125 0.02734375
2 0.86484375 0.225 0.040625 0.02734375
2 0.8765625 0.23125 0.04375 0.03046875
2 0.7125 0.25703125 0.03125 0.021875
2 0.66484375 0.2484375 0.04296875 0.025
2 0.70546875 0.21484375 0.02890625 0.01796875
2 0.63359375 0.19140625 0.0359375 0.025
2 0.6734375 0.209375 0.0359375 0.0265625
2 0.64921875 0.2296875 0.04296875 0.02734375