6 0.15703125 0.23515625 0.20546875 0.14609375
6 0.334375 0.25 0.21328125 0.1640625
6 0.18359375 0.36953125 0.2375 0.18125
6 0.471875 0.35859375 0.13828125 0.11015625
6 0.7703125 0.2359375 0.1 0.0671875
5 0.89140625 0.26484375 0.128125 0.09921875
5 0.56171875 0.44609375 0.14765625 0.10390625
4 0.48984375 0.71328125 0.14140625 0.0984375
3 0.8390625 0.33984375 0.1265625 0.09296875
2 0.92890625 0.2875 0.1109375 0.08125
2 0.43046875 0.43984375 0.1375 0.08984375
2 0.25234375 0.41953125 0.16796875 0.1265625
2 0.5125 0.075 0.09609375 0.0671875
2 0.48359375 0.02109375 0.1234375 0.0421875
2 0.48515625 0.79453125 0.1421875 0.103125
2 0.60078125 0.76953125 0.0640625 0.0578125
2 0.5734375 0.77734375 0.1453125 0.09765625
2 0.41953125 0.43671875 0.15390625 0.10703125