6 0.015625 0.55234375 0.03125 0.025
6 0.05859375 0.640625 0.059375 0.0390625
6 0.1109375 0.62890625 0.02734375 0.021875
6 0.15 0.61796875 0.05234375 0.0328125
6 0.16015625 0.6703125 0.0625 0.04296875
6 0.08125 0.69375 0.0578125 0.03671875
6 0.05859375 0.70078125 0.040625 0.02734375
6 0.0796875 0.74140625 0.06171875 0.03828125
6 0.13828125 0.75625 0.05625 0.03515625
6 0.08515625 0.76484375 0.05703125 0.0390625
6 0.4109375 0.2796875 0.05546875 0.03828125
6 0.403125 0.2578125 0.05234375 0.02734375
6 0.37265625 0.3015625 0.046875 0.0359375
6 0.415625 0.31953125 0.04375 0.0328125
6 0.4109375 0.34375 0.0453125 0.0328125
6 0.37109375 0.35390625 0.046875 0.03203125
6 0.3671875 0.38359375 0.040625 0.0265625
6 0.4546875 0.3875 0.05078125 0.0375
5 0.46796875 0.43046875 0.04921875 0.03671875
5 0.40390625 0.40390625 0.06171875 0.0359375
5 0.41015625 0.44609375 0.05390625 0.03515625
5 0.41640625 0.49921875 0.059375 0.0390625
5 0.14296875 0.78203125 0.05703125 0.0375
2 0.1796875 0.796875 0.05625 0.03125