6 0.4109375 0.47265625 0.0484375 0.02890625
6 0.4859375 0.57734375 0.065625 0.04609375
6 0.70546875 0.48671875 0.0640625 0.03984375
6 0.6828125 0.56171875 0.065625 0.034375
6 0.72734375 0.5796875 0.05703125 0.03125
6 0.6109375 0.653125 0.07734375 0.04296875
6 0.56171875 0.640625 0.04765625 0.034375
6 0.34765625 0.57421875 0.06796875 0.04140625
3 0.665625 0.59453125 0.0765625 0.04609375
2 0.5421875 0.5953125 0.05703125 0.0390625
2 0.5515625 0.575 0.071875 0.0375
2 0.40703125 0.56484375 0.06640625 0.03984375
2 0.371875 0.559375 0.0515625 0.034375
2 0.4 0.50546875 0.0625 0.03515625
2 0.7 0.51875 0.0359375 0.028125
2 0.6796875 0.52890625 0.046875 0.0359375