6 0.7984375 0.203125 0.08515625 0.06328125
6 0.43671875 0.25390625 0.14609375 0.10859375
6 0.33515625 0.3125 0.1515625 0.09453125
6 0.5796875 0.34296875 0.17265625 0.1078125
6 0.57109375 0.2734375 0.12734375 0.07265625
6 0.46953125 0.33203125 0.15 0.0765625
6 0.49140625 0.40546875 0.13203125 0.0828125
6 0.384375 0.40703125 0.17890625 0.1046875
6 0.2171875 0.46640625 0.1859375 0.1046875
6 0.39453125 0.50859375 0.1734375 0.11171875
6 0.3078125 0.54921875 0.165625 0.1125
6 0.5328125 0.48046875 0.13671875 0.084375
6 0.5703125 0.66015625 0.1546875 0.103125
6 0.7734375 0.6640625 0.14921875 0.0890625
6 0.67890625 0.72109375 0.14453125 0.10234375
6 0.71875 0.75078125 0.13046875 0.08671875
5 0.59453125 0.746875 0.12421875 0.09140625
2 0.44296875 0.5625 0.1609375 0.1046875
2 0.33671875 0.38671875 0.140625 0.06640625
5 0.321875 0.39453125 0.1609375 0.0796875
4 0.696875 0.246875 0.10390625 0.05078125
1 0.79375 0.28203125 0.09375 0.0625
2 0.821875 0.265625 0.0984375 0.0734375