6 0.14140625 0.1484375 0.11015625 0.08125
6 0.15859375 0.1953125 0.10234375 0.0859375
6 0.040625 0.0390625 0.08125 0.0765625
6 0.95859375 0.0171875 0.0828125 0.034375
6 0.3890625 0.53203125 0.1296875 0.08984375
6 0.3015625 0.4515625 0.11015625 0.11640625
6 0.45546875 0.61015625 0.11875 0.11171875
6 0.5640625 0.5109375 0.12578125 0.09140625
6 0.52421875 0.43984375 0.1328125 0.096875
6 0.7140625 0.51171875 0.11640625 0.09296875
6 0.69609375 0.4421875 0.1234375 0.08984375
6 0.6203125 0.40859375 0.078125 0.0578125
6 0.7265625 0.29921875 0.09453125 0.0765625
6 0.62265625 0.2453125 0.1109375 0.090625
6 0.60390625 0.30859375 0.12578125 0.08515625
6 0.7390625 0.43828125 0.103125 0.075
4 0.56328125 0.6125 0.10859375 0.09140625
2 0.64296875 0.6 0.0671875 0.0578125