6 0.27421875 0.43671875 0.10390625 0.09765625
6 0.1953125 0.47890625 0.09296875 0.07890625
6 0.83984375 0.1640625 0.09296875 0.09453125
6 0.84609375 0.1015625 0.08046875 0.0734375
6 0.725 0.1640625 0.096875 0.0859375
6 0.71484375 0.23671875 0.09609375 0.08671875
6 0.76484375 0.246875 0.0859375 0.07421875
6 0.83515625 0.30703125 0.07578125 0.07265625
6 0.87578125 0.2109375 0.06796875 0.07109375
6 0.7515625 0.28671875 0.09765625 0.06796875
4 0.1015625 0.5015625 0.09375 0.07578125
1 0.27578125 0.27578125 0.0828125 0.06953125
2 0.23671875 0.2171875 0.08359375 0.07421875
2 0.49921875 0.17265625 0.0796875 0.07421875
2 0.5640625 0.134375 0.06875 0.07109375
2 0.625 0.34296875 0.08671875 0.08125
2 0.6984375 0.32265625 0.06015625 0.0640625
2 0.67734375 0.30078125 0.06875 0.0703125
2 0.58984375 0.28984375 0.09765625 0.0859375
2 0.57421875 0.32265625 0.084375 0.07109375
2 0.60625 0.24609375 0.0859375 0.07265625
2 0.86328125 0.34765625 0.06953125 0.05390625
2 0.90390625 0.29921875 0.07421875 0.07578125
2 0.21875 0.56796875 0.06015625 0.04296875
2 0.23125 0.52734375 0.05 0.053125
2 0.17265625 0.53515625 0.078125 0.0625
2 0.06484375 0.56484375 0.075 0.06015625
2 0.03359375 0.52890625 0.0671875 0.0609375