6 0.334375 0.1984375 0.06953125 0.06484375
6 0.3953125 0.378125 0.06015625 0.06015625
6 0.50078125 0.390625 0.09609375 0.08046875
6 0.7359375 0.246875 0.075 0.06875
6 0.7171875 0.3625 0.0734375 0.07109375
6 0.66640625 0.15703125 0.06875 0.06640625
6 0.80546875 0.225 0.0609375 0.0609375
5 0.56328125 0.36796875 0.07265625 0.06484375
5 0.6421875 0.28046875 0.08046875 0.0734375
5 0.46015625 0.3859375 0.071875 0.06796875
5 0.559375 0.45546875 0.07890625 0.078125
2 0.634375 0.4296875 0.07578125 0.065625
2 0.43359375 0.2171875 0.0609375 0.05703125
1 0.771875 0.384375 0.03828125 0.04296875
2 0.3328125 0.103125 0.0765625 0.075
5 0.27109375 0.11328125 0.071875 0.059375
2 0.30234375 0.1203125 0.03359375 0.0296875
2 0.29453125 0.246875 0.07109375 0.05625
3 0.7203125 0.13984375 0.03984375 0.03828125
4 0.44296875 0.36015625 0.0734375 0.07109375