6 0.56640625 0.634375 0.17421875 0.22265625
6 0.9640625 0.7734375 0.071875 0.11953125
6 0.92890625 0.95234375 0.078125 0.0921875
5 0.709375 0.5546875 0.14140625 0.1765625
5 0.1484375 0.1984375 0.2390625 0.35859375
5 0.16953125 0.41015625 0.20234375 0.259375
5 0.57734375 0.3515625 0.1109375 0.2375
5 0.70859375 0.29765625 0.1171875 0.175
5 0.94921875 0.4390625 0.07421875 0.07109375
5 0.85546875 0.509375 0.109375 0.140625
5 0.8078125 0.23203125 0.09609375 0.11171875
2 0.04453125 0.68515625 0.0890625 0.35625
2 0.28203125 0.2640625 0.1609375 0.2265625
2 0.0640625 0.41640625 0.12734375 0.32734375
2 0.27109375 0.09921875 0.1609375 0.1984375
2 0.78359375 0.4328125 0.128125 0.18046875