6 0.6375 0.25546875 0.16875 0.1953125
6 0.75078125 0.49765625 0.13125 0.1546875
6 0.66640625 0.6234375 0.11484375 0.14765625
6 0.56640625 0.634375 0.13671875 0.15703125
6 0.4359375 0.64375 0.14609375 0.171875
6 0.1078125 0.54609375 0.128125 0.16328125
5 0.28359375 0.60859375 0.12421875 0.15703125
5 0.54765625 0.759375 0.153125 0.16484375
1 0.77109375 0.665625 0.11796875 0.15
2 0.13984375 0.75625 0.11015625 0.1125
2 0.13125 0.834375 0.1 0.125
1 0.228125 0.81640625 0.096875 0.115625
2 0.2875 0.74765625 0.10390625 0.12109375
2 0.3984375 0.78828125 0.11953125 0.15078125
2 0.378125 0.66484375 0.11640625 0.15390625
1 0.659375 0.82421875 0.1203125 0.12890625
1 0.671875 0.9125 0.115625 0.1515625