6 0.60234375 0.47734375 0.078125 0.0375
6 0.5484375 0.196875 0.08046875 0.0390625
6 0.621875 0.1984375 0.08828125 0.04140625
6 0.5578125 0.2203125 0.08203125 0.03671875
6 0.465625 0.22265625 0.0796875 0.03984375
6 0.5890625 0.1640625 0.0796875 0.03984375
6 0.5109375 0.1796875 0.07109375 0.040625
5 0.49296875 0.37265625 0.08515625 0.0421875
4 0.55390625 0.5046875 0.08671875 0.03671875
2 0.49296875 0.43046875 0.08515625 0.04296875
2 0.49453125 0.34296875 0.08984375 0.04375
2 0.55859375 0.34921875 0.0875 0.04296875
2 0.58828125 0.434375 0.07265625 0.03203125
2 0.52421875 0.45546875 0.05546875 0.02734375
2 0.45234375 0.4765625 0.03671875 0.0171875
2 0.534375 0.534375 0.0625 0.03203125
2 0.5078125 0.52265625 0.03671875 0.015625
2 0.503125 0.48125 0.07265625 0.03515625
2 0.490625 0.56875 0.06796875 0.03046875
2 0.51640625 0.60625 0.06328125 0.0328125
2 0.47109375 0.60625 0.03828125 0.0203125