5 0.3953125 0.1828125 0.1359375 0.07421875
5 0.41015625 0.24375 0.13203125 0.0859375
5 0.859375 0.584375 0.1359375 0.0921875
5 0.659375 0.534375 0.13125 0.08515625
5 0.63125 0.60078125 0.13984375 0.08515625
5 0.46171875 0.6359375 0.140625 0.09296875
4 0.10859375 0.8046875 0.12890625 0.0921875
4 0.4640625 0.34296875 0.08046875 0.0515625
3 0.76875 0.3328125 0.13828125 0.0921875
3 0.5921875 0.70625 0.10625 0.08671875
3 0.49296875 0.921875 0.125 0.06953125
3 0.278125 0.88125 0.11875 0.08203125
2 0.36015625 0.4 0.12890625 0.08515625
2 0.30078125 0.46015625 0.1140625 0.07734375
2 0.1890625 0.52265625 0.1078125 0.06171875
2 0.15703125 0.60703125 0.090625 0.05625
2 0.290625 0.65859375 0.1 0.05625
2 0.32734375 0.60703125 0.10234375 0.06328125
1 0.3875 0.56484375 0.11484375 0.06875
1 0.42421875 0.5203125 0.12890625 0.07890625
2 0.409375 0.8109375 0.08671875 0.06171875
2 0.53125 0.7953125 0.1 0.059375
2 0.41640625 0.725 0.1390625 0.08671875
2 0.7703125 0.78359375 0.09765625 0.0625
2 0.6828125 0.80703125 0.0828125 0.05703125
2 0.80078125 0.96640625 0.1 0.06015625
2 0.96640625 0.45546875 0.0671875 0.06953125
2 0.9453125 0.28984375 0.109375 0.0859375