5 0.48671875 0.16015625 0.1671875 0.08828125
5 0.753125 0.16484375 0.14921875 0.09375
4 0.46484375 0.25859375 0.1546875 0.0984375
4 0.69140625 0.315625 0.1421875 0.103125
4 0.471875 0.37421875 0.12890625 0.08984375
4 0.64765625 0.4546875 0.1484375 0.09296875
2 0.50703125 0.47421875 0.1140625 0.0890625
1 0.54609375 0.590625 0.12265625 0.08671875
1 0.73828125 0.52421875 0.13515625 0.07578125
1 0.67890625 0.8421875 0.0859375 0.0671875
1 0.81328125 0.82578125 0.07734375 0.06171875
1 0.62109375 0.75859375 0.13359375 0.06640625
1 0.73671875 0.69453125 0.146875 0.059375
1 0.759375 0.77109375 0.12421875 0.059375
1 0.5890625 0.6703125 0.11640625 0.0609375
1 0.7578125 0.61796875 0.1203125 0.06484375
1 0.54296875 0.58359375 0.1546875 0.07578125
1 0.7375 0.521875 0.1296875 0.075
3 0.06953125 0.80625 0.12578125 0.08125
5 0.26640625 0.35703125 0.10546875 0.07890625
5 0.1953125 0.3703125 0.0875 0.0609375
1 0.16171875 0.49609375 0.05 0.03515625
2 0.1578125 0.4421875 0.0734375 0.0421875