6 0.4703125 0.55625 0.0421875 0.03359375
6 0.4203125 0.55859375 0.04609375 0.03359375
6 0.4125 0.4921875 0.04296875 0.03125
6 0.46796875 0.4921875 0.04140625 0.034375
6 0.4328125 0.53046875 0.046875 0.0265625
6 0.48125 0.575 0.03515625 0.02734375
6 0.48515625 0.546875 0.0328125 0.02421875
2 0.44296875 0.509375 0.034375 0.028125
2 0.4921875 0.52890625 0.0296875 0.0234375
6 0.47890625 0.69453125 0.0421875 0.034375
6 0.47265625 0.7375 0.05 0.03359375
6 0.503125 0.75859375 0.03671875 0.02890625
6 0.490625 0.77578125 0.03984375 0.025
6 0.52890625 0.7828125 0.034375 0.028125
6 0.56875 0.7796875 0.0375 0.02890625