6 0.3453125 0.221875 0.0703125 0.09453125
6 0.38359375 0.30625 0.07578125 0.10390625
6 0.51171875 0.346875 0.0796875 0.10390625
6 0.440625 0.34453125 0.06484375 0.09375
6 0.30625 0.3078125 0.065625 0.09296875
6 0.48828125 0.2453125 0.075 0.10859375
6 0.5671875 0.41640625 0.078125 0.115625
6 0.49765625 0.4296875 0.0734375 0.10234375
6 0.44921875 0.4296875 0.06796875 0.10546875
6 0.4203125 0.4671875 0.08046875 0.1046875
6 0.60234375 0.50078125 0.078125 0.0953125
6 0.60390625 0.55859375 0.07578125 0.08828125
6 0.5078125 0.5375 0.084375 0.1
6 0.43828125 0.60859375 0.08984375 0.103125
6 0.36015625 0.55546875 0.07578125 0.103125
6 0.296875 0.528125 0.06640625 0.09296875
6 0.1765625 0.56953125 0.084375 0.1046875
6 0.2296875 0.6265625 0.1 0.1390625
6 0.278125 0.7203125 0.0875 0.11015625
6 0.15625 0.68125 0.06484375 0.08046875
6 0.14296875 0.66953125 0.06015625 0.08828125
6 0.4578125 0.725 0.084375 0.11640625
5 0.671875 0.77578125 0.10390625 0.13515625
5 0.590625 0.81953125 0.078125 0.0890625
5 0.64453125 0.66171875 0.08359375 0.10078125
5 0.54296875 0.7421875 0.08671875 0.12421875
2 0.321875 0.63515625 0.0640625 0.08203125