6 0.2921875 0.19453125 0.0796875 0.0765625
6 0.30703125 0.13671875 0.09375 0.08125
6 0.19921875 0.14375 0.096875 0.07109375
6 0.17734375 0.18671875 0.09140625 0.071875
6 0.2515625 0.2640625 0.09765625 0.0765625
6 0.203125 0.2921875 0.11171875 0.096875
6 0.13515625 0.24140625 0.0890625 0.078125
6 0.140625 0.30234375 0.1078125 0.090625
6 0.40234375 0.321875 0.08203125 0.07109375
6 0.5625 0.17109375 0.08984375 0.07265625
6 0.4953125 0.2 0.10078125 0.08984375
6 0.5453125 0.25859375 0.09375 0.08828125
6 0.459375 0.27578125 0.1 0.0734375
6 0.53203125 0.33359375 0.103125 0.08203125
6 0.4375 0.39375 0.1015625 0.08671875
6 0.44296875 0.4625 0.08125 0.08203125
6 0.5 0.45859375 0.07890625 0.0671875
6 0.52578125 0.46171875 0.07421875 0.06953125
6 0.5953125 0.43828125 0.11875 0.06796875
6 0.5546875 0.3984375 0.0984375 0.05390625