6 0.77734375 0.4125 0.35546875 0.26328125
6 0.478125 0.28984375 0.2890625 0.228125
1 0.58359375 0.1546875 0.3125 0.20703125
1 0.5390625 0.92890625 0.2234375 0.1421875
1 0.23828125 0.86015625 0.259375 0.21015625
1 0.51171875 0.75703125 0.27890625 0.215625
2 0.19375 0.65234375 0.32109375 0.22109375
3 0.659375 0.60390625 0.30234375 0.2140625
3 0.4421875 0.5265625 0.28671875 0.2140625
3 0.2421875 0.159375 0.26640625 0.19375
2 0.61640625 0.040625 0.14375 0.08125
2 0.4265625 0.140625 0.12109375 0.0875
2 0.28046875 0.08125 0.2453125 0.16171875