6 0.3765625 0.425 0.090625 0.06875
6 0.45859375 0.43515625 0.078125 0.06328125
6 0.42109375 0.4796875 0.08046875 0.06171875
6 0.51328125 0.45859375 0.0921875 0.078125
6 0.59765625 0.53984375 0.07578125 0.0546875
6 0.65390625 0.565625 0.0890625 0.059375
6 0.678125 0.51953125 0.08828125 0.0546875
6 0.3828125 0.634375 0.0859375 0.06953125
6 0.53828125 0.28671875 0.078125 0.059375
6 0.74765625 0.2515625 0.07265625 0.059375
6 0.70859375 0.30859375 0.06328125 0.04375
6 0.6875 0.35 0.0625 0.04921875
6 0.3625 0.24140625 0.0828125 0.0640625
6 0.2859375 0.2640625 0.07421875 0.05
6 0.35234375 0.16015625 0.06796875 0.05234375
2 0.44375 0.1625 0.0703125 0.05
5 0.146875 0.4078125 0.10859375 0.078125
6 0.69296875 0.74140625 0.0765625 0.0578125
6 0.771875 0.74453125 0.08203125 0.059375