6 0.6203125 0.23671875 0.05859375 0.04765625
6 0.5859375 0.1578125 0.06484375 0.0546875
6 0.64609375 0.16015625 0.0578125 0.04375
6 0.56484375 0.19921875 0.0671875 0.0453125
6 0.49765625 0.16015625 0.04609375 0.0390625
6 0.85390625 0.38984375 0.07734375 0.06796875
6 0.88671875 0.44375 0.05859375 0.05234375
6 0.575 0.41875 0.0859375 0.0734375
6 0.53359375 0.475 0.07578125 0.0640625
6 0.6234375 0.5171875 0.08046875 0.065625
6 0.52578125 0.546875 0.08515625 0.06953125
6 0.4609375 0.4578125 0.084375 0.0703125
6 0.4125 0.43671875 0.06875 0.05625
6 0.4234375 0.56171875 0.0828125 0.07109375
6 0.3609375 0.4765625 0.071875 0.06875
6 0.33671875 0.440625 0.07421875 0.06171875
6 0.24453125 0.45546875 0.07265625 0.05546875
6 0.18203125 0.46484375 0.0609375 0.0515625
6 0.0890625 0.5125 0.0703125 0.06171875
6 0.14296875 0.5609375 0.08828125 0.075
6 0.1234375 0.6015625 0.05703125 0.05546875
6 0.2390625 0.6390625 0.06796875 0.06015625
6 0.2828125 0.590625 0.0640625 0.0546875
6 0.33203125 0.69765625 0.084375 0.0828125
6 0.5890625 0.66171875 0.07109375 0.0609375
6 0.62578125 0.684375 0.08203125 0.0640625
5 0.85390625 0.578125 0.05390625 0.04296875
5 0.85234375 0.62890625 0.071875 0.05390625
5 0.184375 0.67109375 0.0765625 0.065625
4 0.5796875 0.25859375 0.0609375 0.0484375
4 0.640625 0.45546875 0.06640625 0.05625
2 0.12421875 0.6640625 0.08203125 0.065625
1 0.16328125 0.728125 0.07265625 0.059375
2 0.3453125 0.75625 0.0625 0.0625
2 0.18046875 0.06796875 0.06015625 0.04765625
2 0.7046875 0.1609375 0.0421875 0.03828125
2 0.63359375 0.178125 0.05546875 0.05078125
2 0.696875 0.18984375 0.04375 0.03671875
2 0.6640625 0.209375 0.04765625 0.03671875
2 0.5046875 0.19765625 0.04765625 0.04140625
2 0.2765625 0.2578125 0.06796875 0.05546875
2 0.11328125 0.26953125 0.08046875 0.065625
2 0.0375 0.328125 0.0625 0.05625
2 0.78203125 0.4765625 0.0671875 0.06171875
2 0.69921875 0.45546875 0.05546875 0.05078125
2 0.7890625 0.62265625 0.05703125 0.053125
2 0.88671875 0.63671875 0.06953125 0.059375
1 0.925 0.725 0.08046875 0.07265625
1 0.85703125 0.7375 0.065625 0.04921875
2 0.82890625 0.6796875 0.06640625 0.05390625
2 0.8 0.65390625 0.05859375 0.05078125
2 0.690625 0.66875 0.05390625 0.04453125
2 0.86953125 0.709375 0.0640625 0.05390625
1 0.57421875 0.853125 0.065625 0.05546875
1 0.2140625 0.8484375 0.0765625 0.0625
1 0.27578125 0.7953125 0.06171875 0.0546875
1 0.02890625 0.70078125 0.0515625 0.05859375
1 0.4703125 0.8828125 0.05859375 0.0453125
1 0.8953125 0.76953125 0.06484375 0.06171875
1 0.9234375 0.89140625 0.07421875 0.0703125
1 0.9265625 0.71953125 0.07734375 0.06796875
1 0.803125 0.82578125 0.0796875 0.06328125
1 0.49375 0.83046875 0.0640625 0.0546875
1 0.5015625 0.76875 0.0546875 0.05
1 0.57265625 0.778125 0.08125 0.065625
1 0.390625 0.8875 0.08359375 0.05859375
1 0.4546875 0.93828125 0.07109375 0.0578125
1 0.3609375 0.9390625 0.0328125 0.02890625