6 0.6328125 0.3421875 0.140625 0.21171875
6 0.57265625 0.49921875 0.14296875 0.20546875
6 0.71328125 0.54140625 0.1328125 0.190625
6 0.76015625 0.71796875 0.1328125 0.2078125
6 0.6421875 0.80703125 0.13671875 0.1890625
6 0.6 0.66484375 0.10390625 0.15625
6 0.41796875 0.165625 0.12578125 0.17734375
6 0.49609375 0.34765625 0.11171875 0.184375
6 0.203125 0.39375 0.11015625 0.14921875
6 0.11171875 0.25234375 0.1203125 0.19296875
6 0.228125 0.1796875 0.1265625 0.20078125
6 0.115625 0.36015625 0.11171875 0.1203125
6 0.19609375 0.52578125 0.11875 0.13359375
6 0.18125 0.04765625 0.0953125 0.0953125
6 0.12421875 0.45625 0.0984375 0.1125