6 0.5796875 0.7421875 0.15703125 0.11875
6 0.6078125 0.8421875 0.17578125 0.13203125
6 0.659375 0.5328125 0.13046875 0.1
6 0.72734375 0.3859375 0.13828125 0.1015625
6 0.6015625 0.36171875 0.12890625 0.0921875
5 0.7296875 0.63359375 0.159375 0.11328125
5 0.35625 0.8703125 0.15625 0.12421875
4 0.33984375 0.690625 0.18046875 0.1390625
4 0.48671875 0.9328125 0.16640625 0.12734375
2 0.87421875 0.33515625 0.10078125 0.0578125
2 0.31796875 0.49609375 0.18671875 0.12734375
2 0.7015625 0.20390625 0.06640625 0.046875
2 0.83671875 0.24765625 0.09453125 0.0640625
2 0.79140625 0.47734375 0.08203125 0.06484375
2 0.45234375 0.68046875 0.08671875 0.0625
2 0.5046875 0.83125 0.14140625 0.1078125
1 0.096875 0.55234375 0.16171875 0.1203125
1 0.52734375 0.20234375 0.125 0.08125